y=[1  2;4  5];
x=[1   2; 3   3];
